"Age","Mean","lb","ub","Sex"
6,1.39299983102357,1.39279014924277,1.39402357148229,"Female"
7,1.34807409143265,1.3479134867965,1.34885821994986,"Female"
8,1.30353855870988,1.30342611891223,1.30408752948628,"Female"
9,1.2599656451981,1.25989915631589,1.26029026738733,"Female"
10,1.21806430697755,1.2180400039521,1.21818296292503,"Female"
11,1.17858500496839,1.17852366588933,1.17859756839429,"Female"
12,1.142236715596,1.14202794449142,1.14227947594279,"Female"
13,1.10961895163657,1.10930011938095,1.10968425462875,"Female"
14,1.08117119396001,1.0807821618819,1.08125087522907,"Female"
15,1.05714121108858,1.05672174713702,1.05722712539197,"Female"
16,1.03757258418773,1.03715977692607,1.03765713507271,"Female"
17,1.0223104982888,1.02193641244336,1.0223871182813,"Female"
18,1.01102364348009,1.01071342349114,1.01108718251402,"Female"
19,1.0032390181447,1.00300959477692,1.00328600847308,"Female"
20,0.998385643886881,0.998245137546776,0.998414422293935,"Female"
21,0.99584276214926,0.995790610219477,0.995853443869861,"Female"
22,0.994988023341441,0.99498233554829,0.995015793154893,"Female"
23,0.995241499980998,0.995222494890546,0.995334289540109,"Female"
24,0.996102018284231,0.996073695847479,0.996240298416471,"Female"
25,0.997173237928079,0.997140114920632,0.997334956140785,"Female"
26,0.998178022818338,0.99814468841171,0.998340773156474,"Female"
27,0.998960827415359,0.998931524826609,0.999103892995652,"Female"
28,0.999478960660159,0.999457230404252,0.999585055438951,"Female"
29,0.999784577596724,0.999772990696094,0.999841148935064,"Female"
30,1,1,1,"Female"
31,1.00028942030533,1.0002315070342,1.00030128205966,"Female"
32,1.00083016792721,1.00071835234866,1.00085306991319,"Female"
33,1.00178651723895,1.00162932276168,1.00181871369816,"Female"
34,1.00328852789544,1.00309777223546,1.00332759833184,"Female"
35,1.00541769436616,1.00520703412824,1.00546084164383,"Female"
36,1.00820032650969,1.00798372100113,1.00824469149339,"Female"
37,1.01160868205608,1.01139893328966,1.01165164264682,"Female"
38,1.01556902142425,1.01537653251128,1.01560844686429,"Female"
39,1.01997504300161,1.01980690908879,1.02000948006813,"Female"
40,1.02470465276264,1.02456416046082,1.02473342829438,"Female"
41,1.02963777128646,1.02952433820271,1.02966100456872,"Female"
42,1.03467290060445,1.03458244063077,1.03469142855091,"Female"
43,1.03974044998067,1.03966610695851,1.03975567686477,"Female"
44,1.0448113133077,1.04474446971837,1.0448250041634,"Female"
45,1.04989983840119,1.04983128017351,1.04991388044787,"Female"
46,1.05506105201784,1.05498215764335,1.05507721110663,"Female"
47,1.06038271942862,1.06028654228789,1.06040241836111,"Female"
48,1.06597344230384,1.06585556904348,1.06599758501987,"Female"
49,1.0719484637545,1.07180755704449,1.07197732416503,"Female"
50,1.07841510411553,1.07825307240758,1.07844829133287,"Female"
51,1.08545976945576,1.08528154591608,1.08549627307236,"Female"
52,1.09313825791814,1.09295121155612,1.09317656861885,"Female"
53,1.1014706645209,1.10128370467985,1.10150895750044,"Female"
54,1.11044160396776,1.11026407114438,1.11047796611236,"Female"
55,1.12000580176233,1.11984626022768,1.12003847894418,"Female"
56,1.13009842467043,1.12996348358904,1.13012606320522,"Female"
57,1.14064891150453,1.1405422003196,1.14067076801235,"Female"
58,1.15159659568888,1.15151800675966,1.1516126922166,"Female"
59,1.16290613774136,1.16285142598685,1.16291734376343,"Female"
60,1.17458074239149,1.17454154034782,1.1745887717258,"Female"
61,1.18667132953585,1.18663559978941,1.18667864767675,"Female"
62,1.19928024190839,1.19923315070849,1.19928988709398,"Female"
63,1.21255866173834,1.21248382114797,1.21257399053402,"Female"
64,1.22669761018456,1.22657860453735,1.22672198483527,"Female"
65,1.24191314009618,1.24173522837295,1.2419495798468,"Female"
66,1.25842702283065,1.25817889365703,1.25847784446871,"Female"
67,1.27644479559784,1.27612024680251,1.27651126944758,"Female"
68,1.29613341172086,1.29573283175877,1.29621545821922,"Female"
69,1.31760087667544,1.31713241981666,1.31769682567072,"Female"
70,1.34088013705009,1.34036050643925,1.34098656741627,"Female"
71,1.36591912433836,1.36537390469249,1.3660307958322,"Female"
72,1.39257827442314,1.39204178682498,1.3926881574253,"Female"
73,1.4206361041358,1.42015078663195,1.42073550651623,"Female"
74,1.44980260358805,1.44941795085864,1.44988138788216,"Female"
75,1.47973938228384,1.47951050365555,1.47978626103917,"Female"
76,1.51008477451155,1.51007065072103,1.51008766733626,"Female"
77,1.54048154317546,1.54042797583339,1.54074307784489,"Female"
78,1.57060448237227,1.57048200624998,1.57120245402746,"Female"
79,1.60018514551163,1.59998175483235,1.60117817059212,"Female"
80,1.62903112755624,1.62873565167723,1.63047374508247,"Female"
6,1.46624942452689,1.46600258246949,1.46745459457134,"Male"
7,1.41295016497986,1.41276132722699,1.41387213753751,"Male"
8,1.36011384130907,1.35998192743474,1.36075789140091,"Male"
9,1.30841955537419,1.30834194355008,1.30879848369142,"Male"
10,1.25870840258384,1.2586806342247,1.25884397751335,"Male"
11,1.21187071910033,1.21179369433596,1.21188649525696,"Male"
12,1.16874762447422,1.16849655709753,1.1687990479129,"Male"
13,1.13005037214281,1.12966950885606,1.13012838028595,"Male"
14,1.09630035596921,1.09583688759798,1.09639528322604,"Male"
15,1.06779152501708,1.06729252570238,1.06789372969606,"Male"
16,1.04457558337648,1.04408494748675,1.0446760750648,"Male"
17,1.0264688607873,1.02602452626497,1.02655986906303,"Male"
18,1.01307829589975,1.01270999858125,1.01315373029035,"Male"
19,1.00384272633948,1.003570468896,1.0038984899123,"Male"
20,0.998084751473276,0.997918097860201,0.998118885345886,"Male"
21,0.995067912189057,0.99500613989705,0.9950805643453,"Male"
22,0.99405386179177,0.99404708952867,0.994086926370231,"Male"
23,0.99435458256717,0.994332012340283,0.994464778380616,"Male"
24,0.99537548906401,0.995341869244524,0.995539632888392,"Male"
25,0.996646368752671,0.996607058921614,0.996838293221806,"Male"
26,0.997838431300576,0.997798875574922,0.998031556313942,"Male"
27,0.998767139675799,0.998732370984698,0.998936892696967,"Male"
28,0.999381845794286,0.999356063196106,0.999507725538284,"Male"
29,0.99974442563793,0.999730678271671,0.999811545131989,"Male"
30,1,1,1,"Male"
31,1.00034336443084,1.00027465114944,1.00035743823547,"Male"
32,1.00098490000839,1.00085222593318,1.00101207421658,"Male"
33,1.00211949949885,1.00193296661954,1.00215770502837,"Male"
34,1.00390146381739,1.00367507928257,1.00394783173419,"Male"
35,1.0064274768386,1.00617742745232,1.00647869177317,"Male"
36,1.00972875220432,1.00947158326015,1.00978142536159,"Male"
37,1.01377237688432,1.01352326136078,1.01382340054581,"Male"
38,1.01847086729644,1.01824213395136,1.01851771629487,"Male"
39,1.02369810873025,1.02349816439402,1.0237390611847,"Male"
40,1.02930925058289,1.02914198667354,1.02934350945594,"Male"
41,1.03516183235021,1.03502655308822,1.03518954015091,"Male"
42,1.04113543829787,1.04102729362999,1.04115758841062,"Male"
43,1.04714750697657,1.04705836221107,1.04716576554305,"Male"
44,1.0531635073216,1.05308313884072,1.05317996833581,"Male"
45,1.05920046138098,1.05911793749508,1.05921736386369,"Male"
46,1.06532365211608,1.06522874282151,1.06534309136924,"Male"
47,1.07163720299233,1.0715216632276,1.07166086776347,"Male"
48,1.07826995747977,1.07812854497937,1.07829892148594,"Male"
49,1.08535863835695,1.08518975740237,1.08539322843205,"Male"
50,1.09303056893237,1.09283647193653,1.0930703237388,"Male"
51,1.10138826012665,1.10117478586535,1.10143198377058,"Male"
52,1.1104979100539,1.11027378577739,1.11054381502626,"Male"
53,1.12038335915141,1.12015913903245,1.12042928375415,"Male"
54,1.13102635451963,1.13081310460356,1.13107003221335,"Male"
55,1.14237318314151,1.14218104966377,1.1424125357816,"Male"
56,1.15434692779645,1.15418373906324,1.15438035199488,"Male"
57,1.16686387570617,1.16673392666184,1.16689049177555,"Male"
58,1.17985205292323,1.17975520640464,1.17987188895723,"Male"
59,1.19326953320715,1.19320074437087,1.19328362248693,"Male"
60,1.20712011862368,1.20706945189145,1.20713049614723,"Male"
61,1.22146421983436,1.22141738450806,1.22147381261212,"Male"
62,1.23642325482189,1.2363626402838,1.23643566984784,"Male"
63,1.25217658404787,1.25208273224374,1.25219580670663,"Male"
64,1.26895083230799,1.268804247736,1.26898085565415,"Male"
65,1.28700232163214,1.28678549038979,1.28704673285054,"Male"
66,1.3065941583989,1.30629363011787,1.30665571238427,"Male"
67,1.32797018901603,1.32757856982118,1.32805040017653,"Male"
68,1.35132848450768,1.35084619544757,1.35142726660444,"Male"
69,1.3767971810016,1.37623385365788,1.37691256130104,"Male"
70,1.40441536582174,1.40379077309289,1.40454329445309,"Male"
71,1.43412126558668,1.43346571841489,1.43425553428465,"Male"
72,1.46574930336331,1.46510348055035,1.46588158032515,"Male"
73,1.49903671461984,1.49845092994061,1.49915669461454,"Male"
74,1.53363943570071,1.53317238159481,1.53373509738521,"Male"
75,1.56915600489004,1.5688730428887,1.56921396096276,"Male"
76,1.60515734709456,1.60512844025691,1.60516326777232,"Male"
77,1.64121964127767,1.64115872779045,1.6415170424204,"Male"
78,1.67695706776548,1.6768145501545,1.67765288904184,"Male"
79,1.71205114533844,1.71181277770192,1.71321494026889,"Male"
80,1.74627360740717,1.74592613367993,1.74797009678048,"Male"
