"Age","Mean","lb","ub","Sex"
6,1.38006268793384,1.25991278925237,1.49242353583342,"Female"
7,1.3201629848717,1.23613287557618,1.39459622397017,"Female"
8,1.26858767397299,1.21100364068417,1.31196560996786,"Female"
9,1.22430351694217,1.18893987580984,1.25588311179773,"Female"
10,1.18636678649872,1.16522171755568,1.2097651637128,"Female"
11,1.15393192690079,1.13504499079331,1.1805845217364,"Female"
12,1.12625272957754,1.10386095387728,1.15642287785937,"Female"
13,1.10267841929338,1.07715163109861,1.13387027889781,"Female"
14,1.08264652223927,1.05615212078682,1.11590719126292,"Female"
15,1.06567400176362,1.03887619471463,1.09803552470804,"Female"
16,1.05134779244416,1.02499491388011,1.08327430493646,"Female"
17,1.03931552290245,1.01463670713234,1.06987428402055,"Female"
18,1.029276917503,1.00582155184869,1.05815464737476,"Female"
19,1.02097612964954,0.999444670709133,1.04756011607494,"Female"
20,1.01419509052813,0.994658969395337,1.03807145987146,"Female"
21,1.00874784894156,0.991464714621062,1.03021536933024,"Female"
22,1.00447581651345,0.989302665232808,1.02253220061734,"Female"
23,1.00124380398174,0.988159089133291,1.01597077335028,"Female"
24,0.998936726969199,0.987703763517013,1.01097366152511,"Female"
25,0.997456864973572,0.988760333989668,1.00701600136938,"Female"
26,0.996721569485103,0.990152218377781,1.00399713790285,"Female"
27,0.996661332256502,0.991602650679072,1.00180895621,"Female"
28,0.997218140388052,0.99398409728158,1.00042847590089,"Female"
29,0.998344059594245,0.996823085940136,0.999833283374778,"Female"
30,1,1,1,"Female"
31,1.00215462973497,1.00090647535551,1.00361212275406,"Female"
32,1.00478341040963,1.00253173672859,1.00805581984879,"Female"
33,1.00786773540345,1.00441644061201,1.01265762046862,"Female"
34,1.01139415700658,1.00729363750546,1.01766938043331,"Female"
35,1.01535369210294,1.01013765047241,1.02382673242042,"Female"
36,1.01974122795261,1.01320934558624,1.03058131814683,"Female"
37,1.02455484368281,1.01713752476892,1.03751502841073,"Female"
38,1.0297954909033,1.02140203335281,1.04491872045228,"Female"
39,1.03546642417485,1.02586430582253,1.05265936411175,"Female"
40,1.04157283293829,1.03068946783326,1.06078247636865,"Female"
41,1.04812148470299,1.03518536494259,1.06966616121052,"Female"
42,1.05512040442855,1.04091338927311,1.07890434468538,"Female"
43,1.06257858371475,1.04689679314089,1.08846448139728,"Female"
44,1.07050571333326,1.05397227534445,1.09831579573188,"Female"
45,1.07891193288701,1.06107637708308,1.10842921555559,"Female"
46,1.08780759208326,1.06819590092027,1.11877730638125,"Female"
47,1.09720301933596,1.07677525517182,1.12933420623067,"Female"
48,1.10710827908321,1.08506973943955,1.14007556139403,"Female"
49,1.11753301843201,1.09412849813293,1.15097846325809,"Female"
50,1.12848612412826,1.10454492624018,1.16212697352173,"Female"
51,1.13997567428676,1.11519170998002,1.17433892517568,"Female"
52,1.15200857360412,1.12666195409446,1.18627275418977,"Female"
53,1.16459062482785,1.13901167425381,1.1973908125695,"Female"
54,1.17772619490727,1.15202811077084,1.20863574635828,"Female"
55,1.19141815772496,1.16554172251673,1.22218406863957,"Female"
56,1.20566808474229,1.1800408671681,1.23569346651973,"Female"
57,1.22047578953976,1.19594094192001,1.24912220049361,"Female"
58,1.2358400603653,1.21185716601757,1.26243255525445,"Female"
59,1.25175791825886,1.2292286602822,1.27559106027874,"Female"
60,1.26822524954788,1.24693108167674,1.2899262339356,"Female"
61,1.28523689459467,1.2653749801875,1.30587460559312,"Female"
62,1.30278645508621,1.2849576359986,1.32313319311275,"Female"
63,1.3208667805294,1.30045778547787,1.34118498294509,"Female"
64,1.3394699268132,1.31329705159986,1.36040870338129,"Female"
65,1.3585872780542,1.3260722005946,1.3794911929989,"Female"
66,1.378209749473,1.342907198013,1.40496000178552,"Female"
67,1.39832786486904,1.35909968499795,1.43264821730672,"Female"
68,1.41893190936016,1.37844238181598,1.46217435264345,"Female"
69,1.44001207110581,1.39198670150171,1.49254293730449,"Female"
70,1.46155852582319,1.40243003027284,1.52230141698731,"Female"
71,1.48356135662935,1.41089552034909,1.55262715939452,"Female"
72,1.5060107946925,1.41923963932065,1.58388755381569,"Female"
73,1.52889709344765,1.42670817632658,1.61563503251779,"Female"
74,1.55221050031922,1.43310016938386,1.64862534056142,"Female"
75,1.57594131163831,1.43993235029262,1.68863411105351,"Female"
76,1.6000797693805,1.44577811055296,1.73207795856505,"Female"
77,1.62461578591392,1.45156571067217,1.7776317556667,"Female"
78,1.64953899249114,1.44892433965455,1.82221907775327,"Female"
79,1.67483863659239,1.44787854960248,1.87192181941919,"Female"
80,1.7005032939831,1.45424513069546,1.92482260248694,"Female"
6,1.46383847953311,1.2917942501503,1.62561204190213,"Male"
7,1.39065571358143,1.26563785300896,1.49476658986607,"Male"
8,1.32748316188072,1.24089338023422,1.38863472925494,"Male"
9,1.27312991309965,1.21615200471029,1.30943169588467,"Male"
10,1.22649847784006,1.19261529416426,1.24894625889018,"Male"
11,1.18659635350122,1.1692250845623,1.20496419505864,"Male"
12,1.15253903715489,1.13305187161021,1.17439451122769,"Male"
13,1.12354756984423,1.09901577881722,1.1515192466738,"Male"
14,1.0989425128144,1.07083540062129,1.13011342791124,"Male"
15,1.07813565562023,1.04856681082732,1.11156668637467,"Male"
16,1.06062049071713,1.02713046001858,1.09555697136765,"Male"
17,1.04596231340095,1.01033920604649,1.08051827786929,"Male"
18,1.0337886117723,0.997530699264926,1.06689118051075,"Male"
19,1.023780197322,0.987766426812884,1.05468264856619,"Male"
20,1.01566332659502,0.980479006684514,1.04486701918768,"Male"
21,1.00920290428408,0.976098181664233,1.03618741251388,"Male"
22,1.00419674613935,0.974185640395838,1.02831507794705,"Male"
23,1.00047083725659,0.973916666933994,1.02169348556316,"Male"
24,0.997875305100453,0.974466085791361,1.01591901354469,"Male"
25,0.996281364825585,0.9763640149673,1.01080713204782,"Male"
26,0.995578572878334,0.979864219714493,1.00670487785632,"Male"
27,0.995672672638749,0.983985946894777,1.00359289391995,"Male"
28,0.996483766356299,0.988830289446707,1.00152686423305,"Male"
29,0.997944757669876,0.994294450698193,1.00033875120783,"Male"
30,1,1,1,"Male"
31,1.00260410284719,1.00049204023395,1.00569023853849,"Male"
32,1.00572086212811,1.0018021520844,1.01141154439657,"Male"
33,1.00932229177944,1.00391280830013,1.01713982249776,"Male"
34,1.01338774198251,1.00680723474564,1.02309615792629,"Male"
35,1.01790309481066,1.01046939480743,1.02905778385854,"Male"
36,1.02286005129876,1.01488397137777,1.03500201367159,"Male"
37,1.02825538502517,1.02003634676075,1.04044235250788,"Male"
38,1.03409046196348,1.02598035960114,1.04537903908527,"Male"
39,1.04037061477066,1.03244071876708,1.05055848043011,"Male"
40,1.04710467527833,1.03859565911971,1.0574619532551,"Male"
41,1.0543045361877,1.04528966643473,1.06421873623475,"Male"
42,1.06198475780491,1.05232032637765,1.07202439576547,"Male"
43,1.07016221480109,1.06001493109837,1.08168674163995,"Male"
44,1.0788557782171,1.06909647797247,1.09158660899561,"Male"
45,1.08808602834478,1.0774200030441,1.1029904980622,"Male"
46,1.09787499462296,1.08600274133403,1.11448694369322,"Male"
47,1.10824591920102,1.09513748099724,1.12687530979922,"Male"
48,1.11922304126855,1.1039390647025,1.13976188884794,"Male"
49,1.13083133398329,1.11456911593877,1.15311096551341,"Male"
50,1.14309657900569,1.12543270461811,1.16693576923753,"Male"
51,1.15604484659215,1.13712296844091,1.18122435084469,"Male"
52,1.16970248510187,1.1491112608734,1.19609491986131,"Male"
53,1.18409609056231,1.16306779052914,1.21120262520026,"Male"
54,1.1992521794883,1.17746312517167,1.22682479436065,"Male"
55,1.2151971628096,1.19290459485435,1.24287190346347,"Male"
56,1.23195709331916,1.20989307321973,1.25960612339184,"Male"
57,1.24955789069332,1.22844248453374,1.27706099641219,"Male"
58,1.26802455783356,1.24676052805741,1.29467864942695,"Male"
59,1.28738168039084,1.26635310069695,1.31281922424944,"Male"
60,1.30765291257462,1.28799625712707,1.33148707633266,"Male"
61,1.32886082385974,1.31041973020425,1.35030361302949,"Male"
62,1.35102691677201,1.33439057816898,1.36989350197298,"Male"
63,1.37417121564678,1.36061825481429,1.38957215843541,"Male"
64,1.39831239417074,1.38694766068597,1.41075628035263,"Male"
65,1.42346716262727,1.41192896591884,1.43491695005457,"Male"
66,1.44965046633484,1.43776170090885,1.46543405620591,"Male"
67,1.47687493159245,1.46074594235954,1.49861427286024,"Male"
68,1.50515087402993,1.48196129586099,1.53471052577395,"Male"
69,1.53448612840301,1.5018590748336,1.57096673510468,"Male"
70,1.56488583504684,1.52254245426833,1.61134966357293,"Male"
71,1.5963521869502,1.54569213532348,1.65350932853692,"Male"
72,1.62888438469245,1.56926573565358,1.69690437488309,"Male"
73,1.66247860988443,1.59151559502595,1.74110890203414,"Male"
74,1.69712768597589,1.61300451651183,1.78589799997489,"Male"
75,1.73282123339649,1.63456005900514,1.84096645413963,"Male"
76,1.76954526901463,1.65616712355439,1.89479058270081,"Male"
77,1.80728233619805,1.67781107145411,1.95222946446827,"Male"
78,1.84601144195311,1.70072394491066,2.00982554874453,"Male"
79,1.88570790390373,1.724002183408,2.06938186174522,"Male"
80,1.9263433709628,1.74668151245546,2.13075253765338,"Male"
